### 2026-10-10T13:17:48.718154Z cmd='milan_status' elapsed=0.032s
milan_status
ID=4d494c4e VERSION=00020060 PTP_CTRL=00000001 ADP_CTRL=00000a01 PP_CTRL=00000001 PP_STAT=5b000444 AEM=loaded
GPTP_GM=<gm-id> GPTP_PARENT=<gm-id> PDELAY_NS=381 AS_PATH_COUNT=1 AS_PATH_GEN=1 CLKV_STAT=00010002 SYNC=1 ASCAPABLE=1 TU=0 GPTP_LAT=029000db
TAI_NS=0x00031e36f4df0474
[92;1mlitex[0m> 
### 2026-10-10T13:17:48.749958Z cmd='crc 0x01400000 7512' elapsed=0.054s
crc 0x01400000 7512
CRC32: 5ba355eb
[92;1mlitex[0m> 
### 2026-10-10T13:17:48.803757Z cmd='milan_nvm' elapsed=0.200s
milan_nvm
NVM: slot A VD_OK seq 271, slot B VD_OK seq 272, authoritative B, image seq 272, 54 records, 3336 B at 0x7f7ef000, writer live
NVM: PP_NVM_STAT=c30000e4 backed=1 dirty=0 stale=0 valid=1 commit_busy=0 dev_busy=0 pend=0 unres=0 load_pend=0 load_acc=1 reload_ref=0 verdict=VD_OK; commits ok=38 failed=0 captures refused=0 acks refused=0 last=VD_OK
[92;1mlitex[0m> 
### 2026-10-10T13:17:49.004054Z cmd='mem_read 0x01400110 312' elapsed=0.145s
mem_read 0x01400110 312
Memory dump:
0x01400110  00 00 00 00 02 00 00 ff fe 00 00 01 00 1b c5 c1  ................
0x01400120  93 58 93 e1 00 00 c5 88 00 02 48 01 00 02 48 01  .X........H...H.
0x01400130  00 00 00 00 00 00 00 00 00 00 00 00 00 00 00 00  ................
0x01400140  4d 69 6c 61 6e 20 46 50 47 41 20 31 78 31 20 54  Milan FPGA 1x1 T
0x01400150  44 4d 38 00 00 00 00 00 00 00 00 00 00 00 00 00  DM8.............
0x01400160  00 00 00 00 00 00 00 00 00 00 00 00 00 00 00 00  ................
0x01400170  00 00 00 00 00 00 00 00 00 00 00 00 00 00 00 00  ................
0x01400180  00 02 00 00 32 2e 39 36 2e 30 00 00 00 00 00 00  ....2.96.0......
0x01400190  00 00 00 00 00 00 00 00 00 00 00 00 00 00 00 00  ................
0x014001a0  00 00 00 00 00 00 00 00 00 00 00 00 00 00 00 00  ................
0x014001b0  00 00 00 00 00 00 00 00 00 00 00 00 00 00 00 00  ................
0x014001c0  00 00 00 00 00 00 00 00 00 00 00 00 00 00 00 00  ................
0x014001d0  00 00 00 00 00 00 00 00 00 00 00 00 00 00 00 00  ................
0x014001e0  00 00 00 00 00 00 00 00 00 00 00 00 00 00 00 00  ................
0x014001f0  00 00 00 00 00 00 00 00 00 00 00 00 00 00 00 00  ................
0x01400200  00 00 00 00 41 58 37 31 30 31 2d 30 30 30 31 00  ....AX7101-0001.
0x01400210  00 00 00 00 00 00 00 00 00 00 00 00 00 00 00 00  ................
0x01400220  00 00 00 00 00 00 00 00 00 00 00 00 00 00 00 00  ................
0x01400230  00 00 00 00 00 00 00 00 00 00 00 00 00 00 00 00  ................
0x01400240  00 00 00 00 00 01 00 00                          ........        
[92;1mlitex[0m> 
### 2026-10-10T13:17:49.148997Z cmd='mem_read 0x01400248 106' elapsed=0.056s
mem_read 0x01400248 106
Memory dump:
0x01400248  00 01 00 00 44 65 66 61 75 6c 74 00 00 00 00 00  ....Default.....
0x01400258  00 00 00 00 00 00 00 00 00 00 00 00 00 00 00 00  ................
0x01400268  00 00 00 00 00 00 00 00 00 00 00 00 00 00 00 00  ................
0x01400278  00 00 00 00 00 00 00 00 00 00 00 00 00 00 00 00  ................
0x01400288  00 00 00 00 00 01 00 08 00 4a 00 02 00 01 00 05  .........J......
0x01400298  00 02 00 06 00 02 00 09 00 01 00 24 00 01 00 0a  ...........$....
0x014002a8  00 03 00 1a 00 01 00 0c 00 01                    ..........      
[92;1mlitex[0m> 
### 2026-10-10T13:17:49.204676Z cmd='mem_read 0x01400620 264' elapsed=0.124s
mem_read 0x01400620 264
Memory dump:
0x01400620  00 0a 00 00 49 6e 74 65 72 6e 61 6c 00 00 00 00  ....Internal....
0x01400630  00 00 00 00 00 00 00 00 00 00 00 00 00 00 00 00  ................
0x01400640  00 00 00 00 00 00 00 00 00 00 00 00 00 00 00 00  ................
0x01400650  00 00 00 00 00 00 00 00 00 00 00 00 00 00 00 00  ................
0x01400660  00 00 00 00 ff ff 00 02 00 00 00 00 00 00 00 00  ................
0x01400670  00 00 00 0a 00 00 00 00 00 0a 00 01 43 52 46 20  ............CRF 
0x01400680  43 6c 6f 63 6b 00 00 00 00 00 00 00 00 00 00 00  Clock...........
0x01400690  00 00 00 00 00 00 00 00 00 00 00 00 00 00 00 00  ................
0x014006a0  00 00 00 00 00 00 00 00 00 00 00 00 00 00 00 00  ................
0x014006b0  00 00 00 00 00 00 00 00 00 00 00 00 ff ff 00 02  ................
0x014006c0  00 02 00 00 00 00 00 00 00 00 00 05 00 01 00 00  ................
0x014006d0  00 0a 00 02 53 74 72 65 61 6d 20 43 6c 6f 63 6b  ....Stream Clock
0x014006e0  00 00 00 00 00 00 00 00 00 00 00 00 00 00 00 00  ................
0x014006f0  00 00 00 00 00 00 00 00 00 00 00 00 00 00 00 00  ................
0x01400700  00 00 00 00 00 00 00 00 00 00 00 00 00 00 00 00  ................
0x01400710  00 00 00 00 ff ff 00 02 00 02 00 00 00 00 00 00  ................
0x01400720  00 00 00 05 00 00 00 00                          ........        
[92;1mlitex[0m> 
### 2026-10-10T13:17:49.329083Z cmd='mem_read 0x01401340 82' elapsed=0.049s
mem_read 0x01401340 82
Memory dump:
0x01401340  00 24 00 00 43 6c 6f 63 6b 20 52 65 66 65 72 65  .$..Clock Refere
0x01401350  6e 63 65 20 46 6f 72 6d 61 74 00 00 00 00 00 00  nce Format......
0x01401360  00 00 00 00 00 00 00 00 00 00 00 00 00 00 00 00  ................
0x01401370  00 00 00 00 00 00 00 00 00 00 00 00 00 00 00 00  ................
0x01401380  00 00 00 00 ff ff 00 00 00 4c 00 03 00 00 00 01  .........L......
0x01401390  00 02                                            ..              
[92;1mlitex[0m> 
