cycle  decoder_bridge_lv_s  cycles_tsv_lv_s  diff_us  decoder_ta_lv  cycles_tsv_ta_lv
001    0.008506             0.008506477      -0.477   yes            1
002    0.008884             0.008883886      +0.114   yes            1
003    0.008711             0.008711462      -0.462   no             0
004    0.009258             0.009258286      -0.286   no             0
005    0.008786             0.008785670      +0.330   no             0
006    0.009269             0.009269487      -0.487   no             0
007    0.008869             0.008868678      +0.322   no             0
008    0.009331             0.009330671      +0.329   no             0
009    0.008849             0.008848678      +0.322   no             0
010    0.008771             0.008770669      +0.331   no             0
011    0.008411             0.008411269      -0.269   no             0
012    0.010516             0.010516090      -0.090   no             0
013    0.008852             0.008852070      -0.070   no             0
014    0.008398             0.008398468      -0.468   no             0
015    0.009051             0.009050702      +0.298   no             0
016    0.008491             0.008490669      +0.331   no             0
017    0.008876             0.008876269      -0.269   no             0
018    0.009319             0.009319470      -0.470   no             0
019    0.008736             0.008736078      -0.078   no             0
020    0.009926             0.009925904      +0.096   no             0
021    0.008475             0.008475269      -0.269   no             0
022    0.009044             0.009043846      +0.154   no             0
023    0.008465             0.008465061      -0.061   no             0
024    0.008905             0.008904686      +0.314   no             0
025    0.011321             0.011320900      +0.100   no             0
026    0.084466             0.084466303      -0.303   no             0
027    0.009128             0.009128071      -0.071   no             0
028    0.008616             0.008616077      -0.077   no             0
029    0.008946             0.008945678      +0.322   no             0
030    0.008489             0.008489060      -0.060   no             0
031    0.009109             0.009109487      -0.487   no             0
032    0.009349             0.009348879      +0.121   no             0
033    0.008780             0.008779661      +0.339   no             0
034    0.008485             0.008485485      -0.485   no             0
035    0.008710             0.008710469      -0.469   no             0
036    0.009396             0.009395855      +0.145   no             0
037    0.008768             0.008767693      +0.307   no             0
038    0.008914             0.008914062      -0.062   no             0
039    0.008484             0.008484261      -0.261   no             0
040    0.008829             0.008829453      -0.453   no             0
041    0.009322             0.009322287      -0.287   no             0
042    0.009239             0.009239086      -0.086   yes            1
043    0.009117             0.009117486      -0.486   no             0
044    0.009027             0.009027310      -0.310   no             0
045    0.011873             0.011873309      -0.309   no             0
046    0.009034             0.009034278      -0.278   no             0
047    0.008458             0.008457669      +0.331   no             0
048    0.008884             0.008884269      -0.269   no             0
049    0.008874             0.008874477      -0.477   no             0
050    0.008457             0.008456868      +0.132   no             0
051    0.010186             0.010185689      +0.311   no             0
052    0.009259             0.009258671      +0.329   no             0
053    0.008696             0.008696461      -0.461   no             0
054    0.009254             0.009253870      +0.130   no             0
055    0.008693             0.008693253      -0.253   no             0
056    0.095701             0.095701216      -0.216   no             0
057    0.008510             0.008509860      +0.140   no             0
058    0.009174             0.009173862      +0.138   no             0
059    0.008610             0.008609668      +0.332   no             0
060    0.008628             0.008628260      -0.260   no             0
061    0.010854             0.010854298      -0.298   no             0
062    0.008647             0.008647461      -0.461   no             0
063    0.009032             0.009031502      +0.498   no             0
064    0.009370             0.009369679      +0.321   no             0
065    0.009031             0.009031470      -0.470   no             0
066    0.008400             0.008399661      +0.339   no             0
067    0.008829             0.008829477      -0.477   no             0
068    0.009229             0.009228878      +0.122   no             0
069    0.008728             0.008728069      -0.069   no             0
070    0.010316             0.010315889      +0.111   no             0
071    0.008736             0.008736069      -0.069   no             0
072    0.008839             0.008838893      +0.107   no             0
073    0.008452             0.008452268      -0.268   no             0
074    0.009157             0.009157262      -0.262   no             0
075    0.008433             0.008432676      +0.324   no             0
076    0.008970             0.008970278      -0.278   no             0
077    0.008724             0.008724269      -0.269   no             0
078    0.008959             0.008959077      -0.077   no             0
079    0.008417             0.008417060      -0.060   no             0
080    0.008866             0.008865677      +0.323   no             0
081    0.008634             0.008634052      -0.052   no             0
082    0.008988             0.008988269      -0.269   no             0
083    0.009217             0.009216686      +0.314   no             0
084    0.008763             0.008762661      +0.339   no             0
085    0.009226             0.009226062      -0.062   no             0
086    0.008758             0.008758085      -0.085   no             0
087    0.009226             0.009226286      -0.286   no             0
088    0.008838             0.008838469      -0.469   no             0
089    0.009405             0.009404919      +0.081   no             0
090    0.009100             0.009100494      -0.494   no             0
091    0.008490             0.008489676      +0.324   no             0
092    0.009032             0.009032078      -0.078   no             0
093    0.008611             0.008610668      +0.332   no             0
094    0.008988             0.008988261      -0.261   no             0
095    0.008409             0.008409060      -0.060   no             0
096    0.008780             0.008780260      -0.260   no             0
097    0.057499             0.057498696      +0.304   no             0
098    0.008778             0.008777669      +0.331   no             0
099    0.008350             0.008349860      +0.140   no             0
100    0.008961             0.008961093      -0.093   no             0
101    0.009194             0.009193678      +0.322   no             0
cycles compared 101 decoder, 101 cycles.tsv
largest |diff| 0.498 us; cycles within 0.5 us: 101
DUT Talker Advertise Lv in cycle 001: 0.0390 s after the bridge's Lv, 0.0475 s after the response
DUT Talker Advertise Lv in cycle 002: 0.0951 s after the bridge's Lv, 0.1040 s after the response
DUT Talker Advertise Lv in cycle 042: 0.3184 s after the bridge's Lv, 0.3277 s after the response
mismatches 0
