CHANGED .git/modules/gptp-processor/objects/info/commit-graphs/commit-graph-chain: [1790353253260000000, 1790415586081979986, 41, 21234049] -> [1790353253260000000, 1790416477765000000, 41, 21234049]
CHANGED .git/modules/gptp-processor/objects/info/commit-graphs/graph-cf6e993a771e45f535cb1ed52f8bc8b5cbfff189.graph: [1790353253256000000, 1790415586081979986, 9812, 21234050] -> [1790353253256000000, 1790416477765000000, 9812, 21234050]
CHANGED .git/modules/gptp-processor/objects/pack/pack-67f27217d81c5515327977310299a20cc7cdb36b.idx: [1790353253223000000, 1790415586081979986, 5384, 21234046] -> [1790353253223000000, 1790416477765000000, 5384, 21234046]
CHANGED .git/modules/gptp-processor/objects/pack/pack-67f27217d81c5515327977310299a20cc7cdb36b.pack: [1790353253210000000, 1790415586081979986, 345408, 21234045] -> [1790353253210000000, 1790416477765000000, 345408, 21234045]
CHANGED .git/modules/gptp-processor/objects/pack/pack-67f27217d81c5515327977310299a20cc7cdb36b.rev: [1790353253227000000, 1790415586081979986, 668, 21234047] -> [1790353253227000000, 1790416477765000000, 668, 21234047]
CHANGED .git/modules/gptp-processor/objects/pack/pack-aa315249e42739c79cb3e6987e8adf76d42b234e.idx: [1790075891623000000, 1790415586081979986, 34812, 20865472] -> [1790075891623000000, 1790416477765000000, 34812, 20865472]
CHANGED .git/modules/gptp-processor/objects/pack/pack-aa315249e42739c79cb3e6987e8adf76d42b234e.pack: [1790075891623000000, 1790415586081979986, 4213675, 20865467] -> [1790075891623000000, 1790416477765000000, 4213675, 20865467]
CHANGED .git/modules/gptp-processor/objects/pack/pack-aa315249e42739c79cb3e6987e8adf76d42b234e.rev: [1790075891644000000, 1790415586081979986, 4872, 20865473] -> [1790075891644000000, 1790416477765000000, 4872, 20865473]
CHANGED .git/modules/protocol-processor/objects/info/commit-graphs/commit-graph-chain: [1790353054654000000, 1790415586095238452, 41, 21233675] -> [1790353054654000000, 1790416477778615958, 41, 21233675]
CHANGED .git/modules/protocol-processor/objects/info/commit-graphs/graph-d3744506381df0dfd4ff91a2de4f058469ddd669.graph: [1790353054650000000, 1790415586095238452, 20192, 21233697] -> [1790353054650000000, 1790416477778615958, 20192, 21233697]
CHANGED .git/modules/protocol-processor/objects/info/packs: [1790353054645530052, 1790415586095238452, 54, 21233671] -> [1790353054645530052, 1790416477778615958, 54, 21233671]
CHANGED .git/modules/protocol-processor/objects/pack/multi-pack-index: [1790353054638000000, 1790415586095238452, 133860, 21233696] -> [1790353054638000000, 1790416477778615958, 133860, 21233696]
CHANGED .git/modules/protocol-processor/objects/pack/pack-09ec74aec11379891d490ae3fa0937634f698081.idx: [1790353054616000000, 1790415586095238452, 133764, 21233694] -> [1790353054616000000, 1790416477778615958, 133764, 21233694]
CHANGED .git/modules/protocol-processor/objects/pack/pack-09ec74aec11379891d490ae3fa0937634f698081.pack: [1790353054604000000, 1790415586095238452, 10695356, 21233693] -> [1790353054604000000, 1790416477778615958, 10695356, 21233693]
CHANGED .git/modules/protocol-processor/objects/pack/pack-09ec74aec11379891d490ae3fa0937634f698081.rev: [1790353054621000000, 1790415586095238452, 19008, 21233695] -> [1790353054621000000, 1790416477778615958, 19008, 21233695]
CHANGED .git/modules/third_party/verilog-axis/objects/pack/pack-c147898f0170fcb6f716ffafe9a3c6e49d1d9d3b.idx: [1790075894339000000, 1790415586107000000, 101956, 20865561] -> [1790075894339000000, 1790416477791830528, 101956, 20865561]
CHANGED .git/modules/third_party/verilog-axis/objects/pack/pack-c147898f0170fcb6f716ffafe9a3c6e49d1d9d3b.pack: [1790075894338000000, 1790415586107000000, 1243879, 20865556] -> [1790075894338000000, 1790416477791830528, 1243879, 20865556]
CHANGED .git/modules/third_party/verilog-axis/objects/pack/pack-c147898f0170fcb6f716ffafe9a3c6e49d1d9d3b.rev: [1790075894359000000, 1790415586107000000, 14464, 20865562] -> [1790075894359000000, 1790416477791830528, 14464, 20865562]
diff s2-before-legs s3-after-legs: 18 changed of 3332
