n aaf/crf/int 10 10 10
c01-aaf [6.705, 7.205] 11.801 6 0 0 [1.953, 5.704, 6.705] [0, 0] [0.132] LOCKED -6.0 0 0 0
c01-crf [2.832, 3.333] 7.929 0 0 0 [] [0, 0] [] LOCKED -5.9375 0 0 0
c01-int None 0.5 0 0 0 [] [0, 0] [] IDLE 0.0 0 0 0
c02-aaf [6.513, 7.013] 11.609 4 0 0 [3.51, 8.515] [0, 0] [] LOCKED -5.9375 0 0 0
c02-crf [2.709, 3.209] 7.805 0 0 0 [] [0, 0] [] LOCKED -6.0 0 0 0
c02-int None 0.5 0 0 0 [] [0, 0] [] IDLE 0.0 0 0 0
c03-aaf [6.619, 7.119] 11.715 4 0 0 [3.589, 8.633] [4, 4] [] LOCKED -6.0 0 0 0
c03-crf [2.895, 3.402] 7.998 0 0 0 [] [4, 4] [] LOCKED -6.0 0 0 0
c03-int None 0.5 0 0 0 [] [4, 4] [] IDLE 0.0 0 0 0
c04-aaf [6.593, 7.098] 11.694 6 0 0 [0.534, 2.559, 6.592] [4, 4] [] LOCKED -5.9375 0 0 0
c04-crf [2.846, 3.346] 7.942 0 0 0 [] [4, 4] [] LOCKED -5.9375 0 0 0
c04-int None 0.5 0 0 0 [] [4, 4] [] IDLE 0.0 0 0 0
c05-aaf [6.223, 6.726] 11.322 4 0 0 [4.201, 7.23] [6, 6] [0.159] LOCKED -6.0 0 0 0
c05-crf [2.838, 3.352] 7.948 0 0 0 [] [6, 6] [] LOCKED -6.0 0 0 0
c05-int None 0.5 0 2 0 [15.399] [6, 6] [] IDLE 0.0 0 0 0
c06-aaf [6.568, 7.069] 11.665 2 0 0 [2.538] [7, 7] [] LOCKED -6.0 0 0 0
c06-crf [2.872, 3.388] 7.984 0 0 0 [] [7, 7] [] LOCKED -5.9375 0 0 0
c06-int None 0.5 0 2 0 [15.419] [7, 7] [] IDLE 0.0 0 0 0
c07-aaf [6.712, 7.212] 11.808 4 0 0 [1.956, 4.694] [8, 8] [0.167] LOCKED -6.0 0 0 0
c07-crf [2.754, 3.255] 7.851 0 0 0 [] [8, 8] [] LOCKED -6.0 0 0 0
c07-int None 0.5 0 0 0 [] [8, 8] [] IDLE 0.0 0 0 0
c08-aaf [6.625, 7.126] 11.722 4 0 0 [1.944, 4.624] [8, 8] [0.101] LOCKED -6.0 0 0 0
c08-crf [2.868, 3.369] 7.965 0 0 0 [] [8, 8] [] LOCKED -6.0 0 0 0
c08-int None 0.5 0 0 0 [] [8, 8] [] IDLE 0.0 0 0 0
c09-aaf [6.21, 6.715] 11.311 4 0 0 [0.671, 3.694] [9, 9] [0.17] LOCKED -6.0 0 0 0
c09-crf [2.792, 3.292] 7.888 0 0 0 [] [9, 9] [] LOCKED -5.9375 0 0 0
c09-int None 0.5 0 2 0 [15.578] [9, 9] [] IDLE 0.0 0 0 0
c10-aaf [6.557, 7.057] 11.653 4 0 0 [0.529, 4.555] [9, 9] [] LOCKED -6.0625 0 0 0
c10-crf [2.737, 3.242] 7.838 0 0 0 [] [9, 9] [] LOCKED -5.9375 0 0 0
c10-int None 0.5 0 0 0 [] [9, 9] [] IDLE 0.0 0 0 0
aaf frames [3.0, 2.0, 2.0, 3.0, 2.0, 1.0, 2.0, 2.0, 2.0, 2.0]
aaf locked range 6.21 7.212
crf locked range 2.709 3.402
trim range followed -6.0625 -5.9375
servo_end set {'LOCKED'}
  boundary c02-aaf bnd 11.609 json 11.609 between [8.515] late []
  boundary c03-aaf bnd 11.715 json 11.715 between [8.633] late []
  boundary c05-aaf bnd 11.322 json 11.322 between [7.23] late []
  mr c01-aaf [3.015, 3.016]
  mr c02-aaf [3.081, 3.082]
  mr c03-aaf [3.084, 3.085]
  mr c04-aaf [3.057, 3.058]
  mr c05-aaf [3.023, 3.023]
  mr c06-aaf [3.011, 3.011]
  mr c07-aaf [3.02, 3.02]
  mr c08-aaf [3.013, 3.013]
  mr c09-aaf [3.037, 3.037]
  mr c10-aaf [3.089, 3.09]
  mr c01-crf [3.04, 3.041]
  mr c02-crf [3.067, 3.068]
  mr c03-crf [3.101, 3.101]
  mr c04-crf [3.101, 3.101]
  mr c05-crf [3.074, 3.075]
  mr c06-crf [3.086, 3.087]
  mr c07-crf [3.085, 3.086]
  mr c08-crf [3.067, 3.069]
  mr c09-crf [3.031, 3.031]
  mr c10-crf [3.018, 3.02]
