22,441	192:| 1x1 route | 48,618 / 48,825 | 22,441 / 20,655 | 6,428 / 4,504 | 1,299 / 111 | 234:| `ExtraPostPlacementOpt`, shipping | 48,618 | 22,441 | +0.013 | +0.014 | 0 / 0 | 
20,655	86:| 1x1 route | 20,655 | 23,558 | 21 | 3 | 5 | 1,321 | +0.041 | 192:| 1x1 route | 48,618 / 48,825 | 22,441 / 20,655 | 6,428 / 4,504 | 1,299 / 111 | 
6,428	192:| 1x1 route | 48,618 / 48,825 | 22,441 / 20,655 | 6,428 / 4,504 | 1,299 / 111 | 
4,504	167:| `u_pp/u_aecp` | 4,504 | 3,010 | 6 | 0 | 1 | 257 | +2.581 | 192:| 1x1 route | 48,618 / 48,825 | 22,441 / 20,655 | 6,428 / 4,504 | 1,299 / 111 | 
1,299	192:| 1x1 route | 48,618 / 48,825 | 22,441 / 20,655 | 6,428 / 4,504 | 1,299 / 111 | 
111	169:| `u_pp/u_notify` | 3,111 | 3,299 | 0 | 0 | 0 | 184 | +3.736 | 191:| 1x1 synthesis | 51,125 / 52,210 | 23,272 / 22,314 | 6,639 / 4,678 | 1,296 / 111 | 192:| 1x1 route | 48,618 / 48,825 | 22,441 / 20,655 | 6,428 / 4,504 | 1,299 / 111 | 
37,809	193:| 8x8 synthesis | 68,136 / 70,206 | 37,809 / 29,489 | 15,199 / 5,025 | 6,915 / 574 | 
29,489	87:| 8x8 synthesis | 29,489 | 32,991 | 26 | 5 | 8 | 1,809 | -10.846 | 193:| 8x8 synthesis | 68,136 / 70,206 | 37,809 / 29,489 | 15,199 / 5,025 | 6,915 / 574 | 
15,199	193:| 8x8 synthesis | 68,136 / 70,206 | 37,809 / 29,489 | 15,199 / 5,025 | 6,915 / 574 | 
5,025	155:| `u_pp/u_aecp` | 5,025 | 4,154 | 7 | 0 | 1 | 264 | -10.588 | 193:| 8x8 synthesis | 68,136 / 70,206 | 37,809 / 29,489 | 15,199 / 5,025 | 6,915 / 574 | 
6,915	193:| 8x8 synthesis | 68,136 / 70,206 | 37,809 / 29,489 | 15,199 / 5,025 | 6,915 / 574 | 
574	193:| 8x8 synthesis | 68,136 / 70,206 | 37,809 / 29,489 | 15,199 / 5,025 | 6,915 / 574 | 201:| 1x1 `u_pp/u_aecp` | 7,649 / 5,269 | 903 / 18 | 574 / 0 | 
