clk=50000000 P=1041.6667 DIV=1041 keepoff=256 frames=150000
rate_ppm  min_phi_all  max_phi_all  margin_all  min_phi>=64  max_phi>=64  margin>=64  any_cross  worst_tst0
 -100.00         0.00      1107.90      -66.24        10.96      1107.90      -66.24        596    1041.5
  -95.00         0.00      1095.35      -53.68        10.63      1095.35      -53.68        566    1041.5
  -90.00         0.00      1083.32      -41.65        10.29      1083.32      -41.65        536    1041.5
  -85.00         0.00      1072.00      -30.33         9.96      1072.00      -30.33        311    1041.5
  -80.00         0.00      1061.52      -19.85         9.62      1061.52      -19.85        117    1041.5
  -75.00         0.00      1052.41      -10.74         9.29      1052.41      -10.74         44    1041.5
  -70.00         0.00      1045.36       -3.69         8.95      1045.36       -3.69         11    1041.5
  -65.00         0.00      1041.71       -0.04         8.61      1041.71       -0.04          1    1041.5
  -60.00         0.00      1041.56        0.00         8.28      1041.29        0.38          0       0.0
  -55.00         0.00      1041.56        0.00         7.94      1040.95        0.71          0       0.0
  -50.00         0.00      1041.55        0.00         7.61      1040.62        1.05          0       0.0
  -45.00         0.00      1041.55        0.00         7.27      1040.28        1.38          0       0.0
  -40.00         0.00      1041.54        0.00         6.94      1039.95        1.72          0       0.0
  -35.00         0.00      1041.54        0.00         6.60      1039.61        2.05          0       0.0
  -30.00         0.00      1041.53        0.00         6.26      1039.28        2.39          0       0.0
  -25.00         0.00      1041.53        0.00         5.93      1038.94        2.73          0       0.0
  -20.00         0.00      1041.52        0.00         5.59      1038.60        3.06          0       0.0
  -15.00         0.00      1041.52        0.00         5.26      1038.27        3.40          0       0.0
  -10.00         0.00      1041.51        0.00         4.92      1037.93        3.73          0       0.0
   -5.00         0.00      1041.51        0.00         4.59      1037.60        4.07          0       0.0
    0.00         0.00      1041.50        0.00         4.25      1037.26        4.25          0       0.0
    5.00        -0.01      1041.50       -0.01         3.91      1036.93        3.91          1       0.0
   10.00        -0.01      1041.50       -0.01         3.58      1036.59        3.58          1       0.0
   15.00        -0.02      1041.50       -0.02         3.24      1036.25        3.24          1       0.0
   20.00        -0.02      1041.50       -0.02         2.91      1035.92        2.91          1       0.0
   25.00        -0.03      1041.50       -0.03         2.57      1035.58        2.57          1       0.0
   30.00        -0.03      1041.50       -0.03         2.24      1035.25        2.24          1       0.0
   35.00        -0.04      1041.50       -0.04         1.90      1034.91        1.90          1       0.0
   40.00        -0.04      1041.50       -0.04         1.56      1034.58        1.56          1       0.0
   45.00        -0.05      1041.50       -0.05         1.23      1034.24        1.23          1       0.0
   50.00        -0.05      1041.50       -0.05         0.89      1033.90        0.89          1       0.0
   55.00        -0.06      1041.50       -0.06         0.55      1033.57        0.55          1       0.0
   60.00        -0.06      1041.50       -0.06         0.22      1033.23        0.22          1       0.0
   65.00        -0.14      1041.50       -0.14        -0.14      1032.90       -0.14          1       0.0
   70.00        -3.66      1041.50       -3.66        -3.66      1032.56       -3.66         11       0.0
   75.00       -10.60      1041.50      -10.60       -10.60      1032.23      -10.60         43       0.0
   80.00       -19.63      1041.50      -19.63       -19.63      1031.89      -19.63        114       0.0
   85.00       -30.03      1041.50      -30.03       -30.03      1031.55      -30.03        300       0.0
   90.00       -41.34      1041.50      -41.34       -41.34      1031.22      -41.34        536       0.0
   95.00       -53.34      1041.50      -53.34       -53.34      1030.88      -53.34        566       0.0
  100.00       -65.87      1041.50      -65.87       -65.87      1030.55      -65.87        594       0.0
  -10.64         0.00      1041.51        0.00         4.96      1037.98        3.69          0       0.0
   10.64        -0.01      1041.50       -0.01         3.54      1036.55        3.54          1       0.0
unpulled transient peak |phi - tst0| (tst0 = P/2):
   -100.00 ppm: down    0.00  up  298.05
    -95.00 ppm: down    0.00  up  283.17
    -90.00 ppm: down    0.00  up  268.29
    -85.00 ppm: down    0.00  up  253.42
    -80.00 ppm: down    0.00  up  238.55
    -75.00 ppm: down    0.00  up  223.69
    -70.00 ppm: down    0.00  up  208.83
    -65.00 ppm: down    0.00  up  193.98
    -60.00 ppm: down    0.00  up  179.06
    -55.00 ppm: down    0.00  up  164.17
    -50.00 ppm: down    0.00  up  149.30
    -45.00 ppm: down    0.00  up  134.43
    -40.00 ppm: down    0.00  up  119.57
    -35.00 ppm: down    0.00  up  104.71
    -30.00 ppm: down    0.00  up   89.86
    -25.00 ppm: down    0.00  up   75.00
    -20.00 ppm: down    0.00  up   60.06
    -15.00 ppm: down    0.00  up   45.16
    -10.00 ppm: down    0.00  up   30.28
     -5.00 ppm: down    0.00  up   15.39
      0.00 ppm: down    0.00  up    0.00
      5.00 ppm: down   14.19  up    0.00
     10.00 ppm: down   29.10  up    0.00
     15.00 ppm: down   44.02  up    0.00
     20.00 ppm: down   58.95  up    0.00
     25.00 ppm: down   73.79  up    0.00
     30.00 ppm: down   88.64  up    0.00
     35.00 ppm: down  103.50  up    0.00
     40.00 ppm: down  118.36  up    0.00
     45.00 ppm: down  133.24  up    0.00
     50.00 ppm: down  148.12  up    0.00
     55.00 ppm: down  163.02  up    0.00
     60.00 ppm: down  177.91  up    0.00
     65.00 ppm: down  192.77  up    0.00
     70.00 ppm: down  207.63  up    0.00
     75.00 ppm: down  222.49  up    0.00
     80.00 ppm: down  237.36  up    0.00
     85.00 ppm: down  252.23  up    0.00
     90.00 ppm: down  267.11  up    0.00
     95.00 ppm: down  282.01  up    0.00
    100.00 ppm: down  296.89  up    0.00
    -10.64 ppm: down    0.00  up   32.18
     10.64 ppm: down   31.03  up    0.81
